96 
1
1.253
0.019
1.4
0.868
0.08
0.078
0.958
0.219
0.049
0.077
0.013
0.046
1
0.012
0.02
0.745
1.039
0.027
0.014
1.88
1.67
0.153
0.067
0.008
0.239
0.024
1.791
0.072
1.716
0.619
0.704
0.016
0.645
0.851
1.016
0.064
2.112
1.813
1.639
1.158
0.111
0.782
0.666
0.379
0.068
0.186
1.084
0.634
0.908
0.07
0.044
0.062
0.079
1.544
1.134
1.586
0.497
0.532
0.827
0.142
0.7
0.038
0.153
1.554
1.793
0.174
1.343
1.69
1.378
0.02
0.162
0.244
0.63
0.702
0.256
2.059
1.495
0.779
1.732
0.633
0.705
0.032
0.569
0.713
0.983
1.049
0.229
1.664
1.328
1.94
0.141
1.201
0.219
1.23
1.441
1.309
