3.22326046897847
-0.125115466871274
0.792170501891825
9.02492679743088
5.73231783338159
-0.0479198964774351
10.9178158740114
9.230931728442
12.8314484885857
11.7635008096739
9.37971403072692
3.92480903836856
7.23041993315673
10.8859207151312
2.45019482974063
0.102369750924733
3.24787353502535
10.6379553575268
6.72024974468616
7.62089214886575
4.46779565060512
7.73110823100234
9.24938083650672
9.34369177703516
10.7609240912751
2.17919081786795
5.94638379380538
4.36816319990997
8.08541030802602
8.79967722555098
-2.22235256753852
1.51713729168298
11.4278242162986
5.93026086964878
3.71916418082731
5.96892197715054
9.89614928206142
7.87079310926209
11.9621978320931
11.126887462187
11.0785647595242
13.1120018089729
1.2023811472635
7.90807842314766
5.826434475169
2.81143636796419
7.5190899332316
3.55015451056695
10.8285264725927
3.09186788688848
1.51290947072063
9.30612960312926
11.3970205046754
0.934278008440355
0.831882048478293
0.155267790293956
10.3048997843739
12.0634033715498
2.93431379347558
10.9256949258405
12.4365582910208
11.325710567991
1.03439537020127
6.83579673238682
7.25509253333044
10.3897636098095
4.11456521718528
5.81771254397491
1.06677258978171
12.029972632871
3.26376283794519
3.75189173444637
10.1452349231834
4.36337802522382
5.87278549610222
8.39395416776611
5.33352143306499
-1.18571852480958
9.7814586270867
11.6512788999521
7.9180440990312
-1.28286291523109
3.85186486307443
2.64997768184819
5.723041817371
1.45402151197866
0.0223397623214255
11.1587406582323
7.94293961761067
11.1364639796659
10.830041140732
5.51320120890861
0.479447433738329
11.4781026994097
13.9990754450062
0.83149601983671
4.88925053465471
6.42308876848013
9.06330947924577
0.785340476860802
