0.0897428311
0.0353076246
0.0282900519
-0.0148821199
0.0212228847
-0.1317464601
-0.0833499192
-0.0523396825
0.1287087997
0.0141054169
-0.1072554401
-0.0296972057
-0.0755067418
-0.0222622272
0.0963435152
0.0282900519
0.0353076246
-0.0222622272
-0.0600025552
-0.0992232684
-0.0912550987
0.1287087997
-0.0447350831
-0.0523396825
-0.0600025552
-0.0523396825
-0.0222622272
0.0963435152
-0.1484135126
0.1844507827
0.0141054169
-0.0992232684
0.0628955811
-0.0912550987
-0.1153526503
0.0830982884
0.2486127269
-0.0371878775
0.0764093003
0.0491967367
0.0696752681
0.0212228847
0.1600593295
-0.0148821199
0.0069369274
-0.0912550987
-0.0600025552
