0.0897428311289712 0.659574468085106 -0.143485118223850 -0.326684052734947 -0.303991058447717 -0.093133633169642 -0.0337372630369313 0.370848504459349 1.66284931390338 0.139798886132835 0.217860606034226 -0.269613199628823 0.317079670292585 0.708313321494115 0.0205566434971578 6.67329796776765
0.035307624573961 -0.340425531914894 0.0730431939716398 0.247601924948273 0.224534142417673 0.0406428274624782 0.0294846022158888 -0.560709699545591 0.58071186243877 0.0220158504764543 0.0878074777860256 0.0766011310005261 0.0204174220332245 -0.341904008525015 -0.0144443079648919 7.39939808333135
0.0282900519153113 0.659574468085106 -0.165708255008560 -0.580464573511047 -0.545153115264606 -0.0490229347221725 -0.0139346357407515 -0.235287299110971 1.344810778971 0.00096244127861489 0.000796100796395471 -0.483912726146574 0.274020180832144 0.694015714199925 -0.0547437097216821 6.35957386867238
-0.0148821199498990 -0.340425531914894 0.141445920856039 0.616819242664093 0.619417141195304 0.0302979076200875 0.0115379590250484 1.93058674834118 0.337765683828381 0.0826404722928844 0.167850185459566 0.265781220717976 -0.129446924613346 -0.969571356331195 0.152653862249188 7.58528107863913
0.0212228846922216 -0.340425531914894 0.141445920856039 0.304220818947773 0.285777767658393 0.054271658518088 0.00244239354056841 -0.235287299110971 -0.64306356918334 -0.0314728344745356 -0.499979187116094 0.113609759745627 -0.0883854378155755 -0.006387859550395 -0.186547068121452 7.11801620446533
-0.131746460089209 -0.340425531914894 0.04613574105172 0.383557561184303 0.415589379180384 -0.023095556466032 -0.0191079530209715 0.0932167678610694 -0.260071316927240 -0.111515542148076 -0.128415630683614 0.289277162086906 -0.411158830078626 -0.197389702093395 -0.200746123205222 6.52502965784346
-0.0833499192273583 0.659574468085106 0.0551855765716303 0.0195921839828825 0.0401051032841533 -0.075640475722122 -0.000607939277051273 -1.73936469588724 0.89021298228519 0.0323786375119948 0.141874699056306 0.183755369112387 -0.123476757626846 0.0104031551877752 -0.215144867846972 6.87005341179813
-0.0523396824847984 0.659574468085106 0.0370032574884398 0.357805065081883 0.362005133046273 -0.0322783574483623 -0.0139346357407515 0.78636394842102 1.14312485499525 -0.172884488524366 0.0596366008193256 -0.0889851233411934 0.0804354317594749 -0.038293189154845 -0.0425470898606721 7.34923082461333
0.128708799662362 0.659574468085106 -0.154534954410430 -0.212739793385727 -0.202208364137777 -0.0121863573656826 -0.0284879071507911 0.537902589122519 1.61173085997435 -0.147883186318945 -0.163506950494885 -0.203331275244373 0.229022814901405 0.542804320225465 0.135753324578018 6.75227037614174
0.0141054169233517 -0.340425531914894 0.116339999724970 -0.124447186240047 -0.109835044006757 0.121345035258848 0.0461434882025289 -1.17974890795182 -1.33621074974329 0.0628378449967046 -0.317657630322134 0.0193371038109564 -0.0883854378155755 0.0657996588414052 -0.269745797598372 6.55819780281227
-0.107255440080909 -0.340425531914894 -0.000384274583179689 0.408663482315372 0.424247441923494 0.0354837446524474 -0.0170354134190012 1.48946145983413 0.61917814326657 -0.198526919137706 0.0596366008193256 0.241719909557856 -0.111642299979845 -0.944571616772285 0.482855416145838 7.42297125104942
-0.0296972057350384 -0.340425531914894 0.0277866023835198 -0.0696389497450571 -0.0666628721415465 0.0610170466576179 -0.0108434431710815 0.72448854470293 0.0332764930602201 -0.123491733194785 -0.0617242561849345 0.117063994613706 -0.0999462602166554 -0.289194439916705 0.289853954732178 6.74405918631135
-0.0755067417663291 -0.340425531914894 0.0730431939716398 -0.182434443890397 -0.234998186960766 0.108606009481417 -0.0108434431710815 0.206545453168069 -1.74167585785145 -0.198526919137706 -0.276835635801884 -0.0174531053355738 0.0804354317594749 0.0837065961242152 0.346553706216938 6.2363695902037
-0.0222622272475190 -0.340425531914894 0.107829310057060 -0.259992678236277 -0.218468885009557 0.0610170466576179 0.00345710697111823 -0.0346166036488107 -0.215619554356400 -0.198526919137706 -0.199874594665754 0.0250243229315465 -0.000416664869615779 0.244413810847035 -0.177145305441492 6.49828214947643
0.0963435151603313 0.659574468085106 -0.18843650608612 -0.344075795446817 -0.359050835630746 -0.0546673523418422 0.00345710697111823 0.275538324655029 0.23240516817056 -0.0205437639423458 0.265488655023476 -0.242077041820214 0.328508366116215 0.505910145273065 -0.122844584964272 6.68210859744981
0.0282900519153113 0.659574468085106 -0.177007810262490 0.00732209139107276 0.0144626726708132 -0.118954332791382 -0.0274413345801214 0.370848504459349 1.72718017228452 0.211257850114975 0.354436141039976 -0.189180095698133 0.261947599597875 0.223501169216585 0.0166560798540978 6.85224256905188
0.035307624573961 -0.340425531914894 0.04613574105172 -0.197472321254938 -0.186208022791337 -0.0415462643791527 -0.00571259558874182 -0.823073964013081 -2.25250148161745 0.193866107403115 0.0596366008193256 -0.057699985844164 -0.135452948673565 0.605015246544065 -0.295545944919432 6.289715570909
-0.0222622272475190 0.659574468085106 -0.00995372559933028 0.425057292091052 0.415589379180384 -0.0415462643791527 -0.00468957759670108 0.308328147478019 1.09153748620476 -0.0536959712592457 0.0306490639460755 0.201341753614456 -0.141495263129525 1.05621248860503 -0.343845135302132 6.83410873881384
-0.0600025552303682 -0.340425531914894 0.09924556636566 0.464903200638252 0.522687514736753 -0.0434101978172121 -0.0507228094026813 0.8061665757172 -0.86620712049755 -0.185623514301795 0.0306490639460755 0.194982431706166 -0.342165958591676 -0.780008607839545 -0.0303448196527718 6.62007320653036
-0.099223268383649 -0.340425531914894 0.0277866023835198 0.340260755430973 0.324617600974654 0.0128149448397377 0.00244239354056841 1.23104976968246 0.499033831424501 0.325202109464195 0.564731549876336 0.193386262173346 -0.135452948673565 -0.179998463500815 0.0281571371013878 7.11069612297883
-0.091255098734469 -0.340425531914894 0.0277866023835198 -0.083061970077197 -0.124650129791896 0.0727130864208076 0.00142664942072823 0.400701467609029 -1.5593543010575 0.0826404722928844 0.000796100796395471 0.0766011310005261 0.0255588215336449 -0.602884049540165 0.381753980111388 6.60934924316738
0.128708799662362 0.659574468085106 -0.165708255008560 -0.536979461571307 -0.545153115264606 -0.0892197338485019 -0.0211847969658212 -0.0346166036488107 2.00311122820078 0.0323786375119948 0.0306490639460755 -0.583003628790804 0.372960128687044 0.764616385899285 0.368356045854488 6.08449941307517
-0.044735083099579 -0.340425531914894 -0.0899964332728604 0.0787810553732129 0.0894978586137336 0.00750989261004786 -0.0305843439773215 0.63554105868643 0.47752762620354 -0.123491733194785 -0.0299755578703542 -0.00568826375598341 0.177509280451295 -0.305381930907415 -0.0184444083503821 7.10332206252611
-0.0523396824847984 -0.340425531914894 0.09924556636566 -0.0304182365917773 -0.0388833080344764 0.0250850374315581 0.0548518160943088 -1.17974890795182 -0.46074201238939 0.413494716609875 0.241958157613286 0.0456050306315667 -0.076956741991956 -0.00159249631215497 -0.377345849077272 6.87523208727658
-0.0600025552303682 -0.340425531914894 0.09924556636566 -0.243992336889837 -0.286291481348316 0.135485098032658 0.00142664942072823 -0.486601727391871 -0.78616441282402 -0.293837098942025 -0.451189022946664 -0.0597554850262636 0.0306739222004149 0.507312923582155 -0.158744415762612 6.25958146406492
-0.0523396824847984 -0.340425531914894 0.141445920856039 0.688046751952463 0.633501881077043 0.119761503653198 0.0861488228162282 -2.02704676833902 0.29954447100818 0.0826404722928844 0.217860606034226 0.267266001985556 -0.223560216183825 0.000808580523305125 -0.149644518419212 7.5973963202128
-0.0222622272475190 -0.340425531914894 0.0370032574884398 -0.153020558684108 -0.0666628721415465 -0.0359752193296918 -0.0180711462925318 -1.33389958777908 -2.65796658972561 -0.160305706317505 -0.404669007311764 0.0890901425713064 -0.312966803899416 -0.143379421376425 0.104655827375138 5.8348107370626
0.0963435151603313 -0.340425531914894 0.0641542465543896 0.0195921839828825 0.00139059110346373 0.0198448507679974 0.0353959494789482 -0.823073964013081 0.32518690162152 0.0923966472382549 -0.163506950494885 0.0400339855821059 0.123197291097554 -0.086782892220195 0.00515299634972788 7.10332206252611
-0.148413512574419 -0.340425531914894 0.0184842097212101 0.724860725075173 0.726903056165444 -0.0717943171346427 -0.0464492986253013 1.99830492239613 0.44437541888664 -0.0205437639423458 0.0878074777860256 0.210805546645406 -0.210488134616475 -0.576908563136905 0.357556526799218 6.94985645500077
0.184450782670591 0.659574468085106 -0.165708255008560 -0.326684052734947 -0.340358702618596 -0.0717943171346427 -0.00981516544552186 0.702982339481969 1.49307331617304 -0.265666221975326 -0.237614922648604 -0.264549897672274 0.220619404105024 0.591808988527585 0.0976559220303681 6.54534966033442
0.0141054169233517 -0.340425531914894 -0.121745131587440 -0.379793878048897 -0.340358702618596 -0.0452776119920024 0.0615729167673882 -1.33389958777908 -1.04852867729151 0.362942437447044 0.193167993443855 -0.130071983443724 0.0508766295179344 0.00800122297554484 -0.163343955680352 5.92157841964382
-0.099223268383649 -0.340425531914894 0.0370032574884398 0.112682607048903 0.0651064054895736 0.0457754306889981 -0.0191079530209715 1.44905192149625 0.36245829641875 0.111628009166135 0.265488655023476 0.178904914978636 -0.153690536223346 0.0245074952295750 0.185556739199328 6.62539236800796
0.0628955810927909 0.659574468085106 -0.00995372559933028 -0.243992336889837 -0.170459665823197 0.000392424841187733 -0.0108434431710815 0.00983515892201936 0.50961594075504 -0.211599000705055 -0.317657630322134 -0.110399217845013 0.203597716535595 0.172307881849815 -0.00654669130609209 6.97728134163075
-0.091255098734469 -0.340425531914894 0.116339999724970 0.187583915222013 0.245368229320514 -0.0322783574483623 0.00750569549711866 -0.235287299110971 -0.99973851312208 0.0826404722928844 0.0596366008193256 0.132462074724836 -0.135452948673565 -0.0209870141947350 -0.167946315555322 6.82762923450285
-0.115352650313529 -0.340425531914894 -0.0293718114564303 0.187583915222013 0.136565369471714 -0.0622431461503021 -0.0358447453765018 1.60172876170521 0.286472389440831 0.277949224613654 0.416311544758066 0.103174882453047 -0.184845704003136 -0.699510885229235 0.376455364631288 6.48157712927643
0.0830982884103113 -0.340425531914894 -0.0491744387526101 0.304220818947773 0.255624729487703 -0.0527823376460725 -0.0191079530209715 -0.92843447967091 -0.86620712049755 -0.0764242223368052 0.141874699056306 0.0801853642283463 -0.217002815637666 -1.79812317389735 0.538953973664648 7.14834574390007
0.248612726887881 0.659574468085106 -0.18843650608612 -0.326684052734947 -0.303991058447717 0.130793924456778 -0.00878794398898108 0.0523947733408194 1.81081097135693 -0.211599000705055 -0.163506950494885 -0.300543500320174 0.289893529988435 0.081408252571055 0.211056156766798 6.72262979485545
-0.0371878774641985 -0.340425531914894 -0.00995372559933028 -0.455301430557037 -0.479195147472806 0.0677172392274379 0.0412725579679289 -1.17974890795182 -0.35538149673156 0.0527875091432044 -0.199874594665754 -0.193874940002334 0.168659665174315 0.259302423340785 -0.429842019740552 6.33859407820318
0.0764093002595114 0.659574468085106 -0.177007810262490 -0.276253199108058 -0.340358702618596 -0.0833774582242723 -0.0305843439773215 0.457859881448979 1.06168452305508 -0.0879850447378754 0.0596366008193256 -0.267078344025633 0.278012202101674 0.122607183873915 0.0616566029768482 6.71659477352098
0.0491967367346211 0.659574468085106 -0.00995372559933028 0.0195921839828825 -0.0252776559786962 0.000392424841187733 -0.00162678806616157 1.43868913446071 0.79202095610598 -0.064995526513175 -0.0617242561849345 -0.0556487030736035 0.181904891924335 -0.0711985660075851 0.132356416685588 7.04838640872188
0.0696752680781616 -0.340425531914894 0.149676419992560 -0.110460944265308 -0.139688007156437 0.071050575647198 0.0155540286799383 -0.92843447967091 -1.09982197167906 -0.111515542148076 -0.499979187116094 0.134158427973007 -0.277627437454106 -0.506776739362825 0.155955963868548 6.77992190747225
0.0212228846922216 -0.340425531914894 0.0370032574884398 -0.361775372546218 -0.340358702618596 -0.0679628948230926 -0.0149671603549413 -1.73936469588724 -3.35111377028555 0.130496493470525 0.115206451974136 -0.053601619451884 -0.111642299979845 0.757912550382785 -0.743841586804922 6.29526600143965
0.160059329546431 0.659574468085106 -0.0592247746061103 -0.0696389497450571 -0.0808475071335062 -0.0698767710053723 0.0135480099530785 0.563220397106809 1.29327712885582 -0.251872899842995 -0.199874594665754 -0.0393881822018241 0.164205314824935 0.275905192223865 0.220456776087508 6.71295620067707
-0.0148821199498990 -0.340425531914894 0.141445920856039 0.166749828319173 0.235005442284973 0.0250850374315581 0.0294846022158888 0.241636772979339 -0.46074201238939 0.167197860320945 0.115206451974136 0.186975983812427 -0.159844401797725 -0.393875009160865 0.155955963868548 6.93731408122368
0.00693692744474106 0.659574468085106 -0.177007810262490 -0.558485666792267 -0.615770682478556 -0.153758254986072 -0.0149671603549413 -0.181220077840691 -0.152440652734870 0.362942437447044 0.474580452882036 -0.121280718032554 0.270012159434605 0.299307757954485 0.239055267237358 6.12029741895095
-0.091255098734469 -0.340425531914894 -0.00995372559933028 0.276312030830702 0.245368229320514 0.0677172392274379 0.00649508399118837 0.563220397106809 -0.86620712049755 -0.185623514301795 -0.276835635801884 0.139230290070977 -0.105777180527445 0.111913036255075 -0.429842019740552 6.23048144757848
-0.0600025552303682 -0.340425531914894 0.141445920856039 0.112682607048903 0.181516757333983 0.107002159899438 0.0653933607647783 -2.02704676833902 -0.95321849748718 0.185055477720955 0.193167993443855 0.130762838971877 -0.172266921796275 0.236904483282145 -0.466444112844942 6.74405918631135
