-0.0630989093147217 -0.360981348589994 -0.193542851300445 -0.128005632122513 -0.407048665301409 0.0120535443071277 -0.234199844961986 -0.155605425005778 -0.357333332181645 0.147995960017838 0.204757692773598 -0.796561137787511 -1.92178999917808 1.74279377500994 -1.73396513197859
-0.172917590690776 -0.468590879500844 -0.456904563752469 -0.179629878296983 0.117297618568409 0.0519870434887707 0.328145911488682 0.0403719985671334 -0.459547324728964 -1.07442947476141 -2.56664816787714 -0.756624423112046 -0.464344680491232 1.80014174229331 -0.518942969919602
-0.175850867740810 -0.412370838611387 -0.185421529158484 0.495289163973648 0.446657829137985 -0.0877591165248302 -0.191457539759576 0.338873123405502 -0.410284399813499 -0.847496881442636 0.845572107393181 1.55938439225817 -1.00806010080473 -0.165027942703220 -0.592198135804227
0.234756013862789 0.0731671851454308 -0.0761929856869386 -0.285865333785769 -0.243317671434488 0.252123874984681 0.095146048851311 0.145225478457287 0.0608209946391854 0.610548857484172 0.417647278746771 -0.00918403318645527 -0.906367392590312 -2.23353129621093 -0.743280729387475
0.356440537860617 -0.0836976740183303 0.414104288278613 -0.385591797686648 0.409043196972925 -0.174317164439708 -0.209167243177071 0.415741054927931 -0.0903020807121536 -0.643234992594969 -1.04190971263614 -1.20728400813935 -1.01962099690182 -0.0618316928883623 1.48597171960835
0.244476098818705 -0.4253356251074 -0.0280237767635846 0.525592696929816 0.447664127370808 -0.410047951247543 0.092468345342204 0.0583075160440053 -0.4335549519184 -0.74281476381659 -0.888018272130889 0.644371317263459 0.0828696236726348 -1.08138580686299 -0.05441854308252
-0.236256281593814 0.452451725336723 0.250868456971366 -0.313704031209927 0.440961218357552 -0.397413898818195 -0.126983239743858 0.358963205600158 0.456432239248991 0.900980967571464 -0.121785915525389 -0.0405796056013256 0.264893983751292 0.724009827415125 -0.0999367165564783
-0.374260061401873 0.0869558645272627 0.0306315136351625 -0.252698651438114 0.127927982166875 0.0371136622503406 -0.0086132036149501 0.0289942153077574 0.097239767207909 -0.157275646545122 0.224573904044139 -0.8017690330861 0.340907195252657 -1.97793230328299 0.0825204577060633
-0.0970182486157867 0.479500549924559 -0.233294575873297 0.416508642102126 -0.47286097969627 -0.0439478320535273 -0.165090882647782 -0.489423629939556 0.473816693122082 2.25638509567962 0.173542133249767 0.973928327267964 -0.373872411399246 2.23725576321625 0.6030075213543
-0.0141010754555467 0.416108115422539 0.0179595568426884 -0.193676250677090 -0.348067663458642 0.260568204242736 0.151880082013086 -0.0272450850997127 0.40173921199704 -1.02966003850294 -2.3348355146126 0.31178348506426 -1.70341950345912 0.508072237704943 -1.11926801387632
0.290283766593784 0.278984192139469 0.262910308849532 -0.184963478164282 -0.167610721976962 0.123961576865986 -0.455337066166103 0.0463506431598213 0.265098623114227 -0.544609673373026 -0.615996887202803 -0.95106544792694 -0.857751805926718 -0.744097756855806 2.06644249101345
-0.354673815639689 -0.213023210796528 0.464293805949855 -0.0279880759003575 0.283563950250391 -0.0477354285307222 0.483851862642914 -0.468237560819834 -0.221676732523588 0.466561664703873 0.700409223776421 -2.15762162521377 1.73531436938821 0.175468387358284 -0.119882171596518
-0.000377237079665692 0.00447402110788977 -0.0261924971616826 -0.183233306433540 -0.258832062210422 0.378059210162609 0.418349188789725 -0.0952818506583577 0.00895208391287913 -0.057442596234794 0.650698754270732 -0.571407311615276 -0.357241931714243 -0.379168816756076 0.395433319966664
0.0513264020159833 0.313567411932162 -0.367059861009475 -0.435680273843464 -0.427070861298125 0.446675450913608 -0.434291364587843 -0.293850208977237 0.323176350235829 0.0671590798961882 -0.747214726104233 -0.408362020949856 1.26315767331101 -1.52613325635482 -1.1572225569971
0.0209202217124403 -0.308636389593594 0.298760732004884 -0.0619502551085315 -0.270829617592972 0.0558726078830667 -0.239645399581641 -0.257790207741782 -0.30723696530276 -1.73062098886703 -0.702047375637046 -1.94946867866233 2.20492673190545 -1.33160634075491 -0.654638225742649
0.224522360386327 -0.42217639290262 -0.135318050093483 0.459977242473978 -0.3892481078743 0.389221589686349 0.0373557878565040 -0.181337423734367 -0.401554829212619 0.585141618689761 1.07745685998624 0.809563904830328 1.22060934760693 -0.608738840393676 0.402449324669965
0.0582864806242283 -0.384877141718753 0.320181159370113 -0.0778752008150325 -0.160349777049851 0.184452194161713 -0.420575377726927 0.0868810339644544 -0.410903077238031 0.290676646311347 0.395020803777955 1.95651185343891 0.437276728283275 0.435503354080743 0.261919931923561
-0.152154384627938 0.316347125996835 -0.31345973110525 0.225115162164438 -0.0281137356883851 0.0882264893967658 -0.079803951047361 0.344420328624547 0.324566252383865 1.54762108500675 1.12775527730358 0.131178177318554 -1.28228270901409 1.29126673737475 -0.09911221550748
-0.383823255058378 -0.0346039516525342 0.296688598182518 -0.253878645289224 0.316085839562584 -0.373414646694437 -0.310513725699857 -0.369193620393052 -0.0434271289834574 0.754014535179363 1.06738249466401 0.00327849869804026 -0.780853209568583 -0.320345779618874 1.24806560273175
-0.203141267159953 0.0894257818209007 -0.115760850419756 0.454751404544804 -0.372332718537655 0.180964484252035 -0.381460254043341 -0.278459361866116 0.0855177201807035 0.267156742612684 0.680219275765628 -0.0529658503246504 1.21075264675038 0.760514668390542 -0.842934235487854
-0.253308826107531 -0.0815746818343172 0.0436276791826825 -0.160489633369725 0.0124666717951190 0.287052650144323 -0.171455505499616 -0.524870418123901 -0.0894704257616145 0.109452908358932 0.585348462831993 -0.216926868514980 0.642981482320784 -0.844894298832945 1.43558586898776
0.329247777601704 0.0882413141289728 -0.456092396916356 -0.418844583134633 0.456154157558922 0.325771555211395 -0.241525991782546 0.201039243843407 0.089868313175567 -0.748239396733708 1.60075803232756 0.931664012398289 -2.26641480454831 0.123296489357014 0.498018508652331
0.492895147083328 0.356180246300064 -0.0120841922960246 0.125453523204196 0.394264739390928 0.107350783096626 0.439347240179777 -0.219526065392419 0.348320670543777 1.32401876270422 -0.591897832588675 -0.600315375092554 -0.239536786128331 0.599155055925403 -1.90224491100632
-0.209760051900521 0.149428889467380 0.0746242050756704 -0.0452163502736945 -0.291716188041028 -0.377745905518532 0.305377853605896 -0.323527320632711 0.149119760601501 -2.63619536114770 0.467539955832157 -1.82521770436972 0.565910459839215 -0.591156618845409 0.0621242617800496
0.352183996019885 0.236462289313785 0.0685420335014355 -0.350996314471122 0.206393480685074 0.218244184646755 0.477140893498436 0.205518032312394 0.250803585604639 -1.36133028188270 -0.190193195282582 1.65346151382864 -0.271313997610030 -0.409258464355877 -0.297506850104543
-0.307051157327368 -0.404709594477899 -0.415130130646285 0.170781113749835 -0.446075226960238 -0.358645346108824 -0.152670625792816 0.3326953038387 -0.40716855441905 1.04703105960194 -0.152368248221080 0.268430271200454 -1.83469373983571 0.176063759941688 -0.624353709404272
-0.358822560384869 -0.0919982773857193 0.0852287752297704 0.0743854179349725 -0.482426673488226 -0.158147190557793 0.299419134426862 -0.0355060918908567 -0.0798649831104186 -0.936381473687272 -0.357314684990175 -0.746053421177799 0.88398542264886 -0.910386278955414 1.28604419607412
0.233172158496455 -0.165710524809547 -0.484450230773073 -0.251289210205432 -0.270541751373093 0.0535776006523526 0.391050919461995 -0.496752970963717 -0.174110553417242 -0.259810900788300 -0.254442694249325 -0.547855445945981 1.30662266106511 -1.16554838929370 -1.84222280721019
0.334514633305372 0.355169015782885 0.334072820444125 0.44141369669931 -0.0608253808110021 -0.0277572938706723 0.400007631201297 0.341251971321181 0.36641711086376 -0.759900983449735 -1.96205935104575 0.569687824617881 -0.331361056653791 -0.738490106508865 0.373986379403435
0.116335787829012 0.198228220767341 -0.47802960842615 -0.188718666478526 0.179670717485715 -0.130690702795983 0.489074413701892 -0.280160530582070 0.184661127545948 -1.98916210769254 0.92065100585019 1.63023080596412 0.874848627752701 -0.603992315726198 -0.272013502012480
-0.260665723802521 -0.420812352015637 0.226550798930693 0.410270579003263 0.00793527314672288 0.250862690526993 0.363154308442026 -0.178886464675888 -0.444401556976413 -0.135763999853435 -1.31319545288584 1.31111047416539 0.639759180688538 -1.25662392911151 -0.505773553439076
-0.245226458627730 -0.369471345948987 0.0801786708855074 0.39290786844911 -0.331330228445586 -0.346499780984596 0.464979989491403 0.139639945589006 -0.369394169722239 0.688652719885521 0.090139791343097 -0.00271301930653231 -1.64411784473074 -1.03249601982568 1.12656235473246
-0.153275139378383 0.48377086253371 0.233817583948839 0.494499869022984 -0.196574699215125 -0.141687744390220 -0.210990700833499 0.261398611944169 0.470214599237774 1.53108846748945 -0.769863613540926 1.05257962276934 -0.175516823614563 0.170874569436898 -1.16015888074610
0.153973385011778 -0.0405091728689143 -0.277472634033766 -0.0943908145814205 0.16692007627571 0.434407801041379 -0.452100317655131 0.394371439125389 -0.0400102358633477 2.10164339157175 2.04776510962714 0.145752521192068 0.204023336178653 -0.929949951861913 0.495590282091658
-0.223012274811044 -0.236127288234421 0.2863803136372 -0.42289799583843 -0.0467115513398311 -0.281973907584325 -0.415195569358766 0.120269497046247 -0.237369251146816 -1.76063719950264 -0.0650250772954385 -1.34743767516562 0.917172209521155 -0.0306115541185155 1.37950644703162
0.141801684880630 0.0445243037166078 0.0778955296357164 0.0853777950000954 0.144342874793802 -0.488124712463468 -0.155399712696671 0.159459463674575 0.0347844523736385 -0.402421836636519 -0.944411554712593 -0.0881757003518882 0.260813947333669 0.501031428386782 -0.847939122349871
-0.0427034827694297 0.363436566977761 0.274160738636274 0.338299382554833 0.238080590881873 -0.0218705582432444 0.167665303489193 -0.377231073444709 0.3791374288883 0.98078872727836 -0.263547211308858 -0.82430363279126 -0.365584717025811 0.641949737876323 -0.235771020608373
0.206675850572065 0.179388398383744 -0.0797335132281296 -0.174245238227304 0.443664084572811 -0.347439708281309 0.341091421470046 0.368376854928211 0.179028190225546 0.872665640466101 0.815731927977133 -0.91131800668352 -1.6368426512128 0.364617522443722 0.927712025617586
-0.352586389267817 0.293370064659975 -0.446361095344182 -0.433295579550322 -0.178106357890647 0.119869472365826 0.209147047288716 0.0681451997999103 0.299672173861275 0.641226197990577 1.35832566845667 -0.522206210913576 0.123287241618908 0.240436693366334 2.47209557186898
0.282364222938195 0.422884725113399 0.352919988168869 0.293780314347241 0.486885941040237 0.174717604322358 0.0298507297784090 0.130218382813037 0.423401752493486 -0.628742242290108 0.0941637827464582 -0.197776877061826 0.934394213057318 0.262912595714459 0.737557680163236
0.0646349236089733 0.250891325841657 -0.218949681546074 0.155973569566849 0.0577189423260279 -0.0583169095683842 -0.109745240034535 -0.206637339079752 0.247859397101969 0.575492665027724 -0.362130561121061 -0.464131706718198 -0.155501365362218 -1.57090641253675 2.52960700199391
-0.0232162794377657 0.455387458051554 -0.34784307067981 -0.442501531371381 0.107588453602512 0.0661604196298868 -0.448055048668757 0.192666137712077 0.462939318986349 -0.607638473757774 -0.246680852493623 -1.65159570032798 1.71963100477585 0.860336138332252 -0.909368068227735
-0.241531150164082 -0.467364140241407 -0.350136239246931 -0.276057470513042 0.0352060742792668 0.0223850895650687 0.244856065642089 0.0408497279323633 -0.465702196961285 -0.33796268472476 0.0161100383109575 -1.28381359344405 0.475779531640377 0.72899906960074 0.822607400843806
-0.374849233990535 0.163161880881525 -0.206464363194537 0.134430601571221 0.18125922876643 0.257143451739102 -0.0426566304732112 0.306431049136445 0.181883976578613 0.988457606490745 -0.0572337647123966 0.391377674828657 -0.67902484916772 0.94740833533117 -0.568793540078392
-0.0185816574189817 -0.150924295806326 -0.161646007027012 0.224244178349618 0.0215377783519218 -0.3370763131883 -0.225134563827887 0.139725692691282 -0.144400096426591 -1.04602569298964 0.0134034534543488 -0.321802737856794 1.19467749371099 -0.641036203343922 0.939723254903689
-0.473882614150643 -0.369680456737988 0.225357349098194 -0.161301657713484 0.16869071071269 -0.40281487358734 -0.263955103894696 0.243952693305910 -0.385247778771498 0.886781226502494 0.285577567681436 0.659670977548756 1.00647556917205 -0.588297149478058 -0.533501289995405
0.0375190314557403 0.123734170417301 0.0586631852877325 0.324983706076164 -0.381809043779503 0.289719991991296 0.102974179703742 0.244232691014186 0.113404623977879 -0.568244026451863 1.06360141176937 0.762026967001507 1.11722017215371 -0.392781356639188 0.798434607653445
-0.234793675346300 -0.214646110930481 0.152738159124274 0.0632326866802765 0.000729696045163882 0.336645041266456 -0.322682756194845 0.295398766528815 -0.203220507112635 0.917535978602927 -0.257989877758594 1.50278749406972 -0.00469928750592795 -0.172142972693617 -0.677397245957038
0.161679535424337 0.28563622160349 0.475935632896144 -0.421763667759951 -0.396655010140967 -0.38228531726636 0.319085607808083 -0.220588005026802 0.300776973690446 -0.407396497410088 0.0286516525350839 -0.84464490010006 0.455893117964704 -0.637245660388105 1.19471398941759
0.362797481259332 -0.265602335254662 -0.225551841713023 0.339179019753356 -0.309395346406381 0.232396437693387 -0.370045989481732 0.0298211566451934 -0.26272819333594 -0.289045974753792 0.412693948604866 0.00647994257802134 -1.63520451231810 2.88580151994075 0.945289286132538
-0.205223183827474 -0.373424777216278 0.395824108107481 -0.348521985735279 0.367857719224412 0.125037318933755 -0.232217234522104 0.0866311256587503 -0.366647607331478 -0.713685081487251 -0.548434689848954 0.442919307111759 -0.232069858790221 -0.99248736554782 0.92936788172873
0.000805211737751334 0.199924536594189 0.24496588536771 -0.31789788852213 0.222196451539639 -0.404118857672438 0.47508793560788 -0.286087059527635 0.188876459997421 2.50943853871844 1.3219318497498 -0.635073139221867 -0.709472619687188 0.259080800912385 -2.68133291673605
-0.274680118057876 0.260101282116957 0.0416544292331674 -0.0931346983811815 -0.208425281650852 -0.0335667895618822 0.519578464832157 0.201219201907516 0.227639755706294 0.554662022185438 -0.6715372157892 0.412307798483852 -0.391516790516423 -1.47565518864507 0.99541076282949
-0.0961764354538177 -0.376785410023295 0.459807200424839 -0.284219145232346 0.301184579415713 0.0753587127197538 -0.101555813532323 -0.435403228616342 -0.378365764283091 1.63698352227456 -1.88826820391860 -0.533313063887882 -1.35905093405426 -0.112253158108834 -0.406628832665446
-0.143389157466590 -0.472607505894266 0.0816915324633014 -0.413339592206758 -0.0402549114893192 0.419189198315143 0.378499254854396 -0.113355891657993 -0.459712223723065 0.656031067065048 -0.681235734636957 -0.256421147418998 -0.78492590973378 0.92367059271247 0.0463674909697043
-0.365097130164504 -0.493916958258487 0.493192539152224 -0.114294486276340 -0.488967636448797 0.429230197006836 -0.408270764127374 -0.229319200031459 -0.487676306797627 0.161191120559769 -0.836019638009077 -0.721191732337602 -0.373854578439788 0.52784652017253 1.64491087118903
0.323667641747743 0.396563571956939 -0.405856280752923 0.203543410713318 0.094136917183641 0.391660184273496 0.329533916004002 0.0734707078710193 0.388554433108118 0.164127868452732 2.41204677528136 0.292985278247804 0.426181397513098 -0.0375747630998091 1.14834288661232
0.234174829926342 0.348824950479902 -0.412601485780906 -0.452391402020585 0.0283491938957009 -0.388822750281543 0.171884670658037 -0.412032086048275 0.355513552215749 1.82942520359562 0.53811093645602 0.182676969045303 -0.7968534520014 0.617494064807236 0.41387150192064
-0.0534776567760857 -0.0146719295671202 0.423500089275184 0.358489717200864 0.297847791493405 -0.225821165228263 -0.312579940967262 0.182657808884979 -0.0221759800630690 -0.413730480916697 0.260775271357319 -0.600223615707684 0.125333611533505 0.93620023601955 -1.96980979319691
-0.34562668970786 0.463023147624917 0.362514730377588 0.344065303525421 0.191468465060461 -0.0449414293747393 -0.09468529718928 0.0675453342311083 0.462974003979547 -0.121368213111111 0.453656322076675 -0.714535234094673 -0.644324315774521 -1.16232271119414 -1.40787478987395
0.31717969339341 0.433330431892536 -0.172331815983635 -0.31208169359481 -0.285090061218943 -0.0760246418416493 0.0221710787527259 -0.478352761473507 0.431380397366446 0.192789187397742 -0.677421261400122 0.68311557625726 2.41718354072435 0.176802088441427 -0.18451163295019
-0.205425994452089 0.280195085410959 -0.23068799979752 -0.237273156333249 -0.328071290010121 -0.246423972630874 0.344463413152844 0.273044784441591 0.284858716882018 1.46371236729475 -1.52785969353784 -0.0302345913093161 0.156835738228582 0.49556346434437 0.819419081327375
-0.375122445616871 -0.419720305982046 0.398230539236684 0.0528987386100925 -0.223665660561528 -0.286264521861449 -0.410882018469274 0.443205833556131 -0.414406897311163 -0.166745494846334 1.19948863931553 0.34705041327953 1.37680043143960 0.392274282687803 -2.84944223507858
0.0323985805921253 -0.0400192615715783 0.178531450286973 -0.439907230592798 -0.412875522242393 0.285768514638766 -0.0106861383747310 -0.121046806098893 -0.0436008949791823 0.788848688342713 0.364226910186251 0.72639546307384 -1.38074338998777 -0.666152863636198 1.82583325440947
0.356953892875463 -0.0308194110775363 0.345523766542319 -0.102121383806225 -0.180153240996878 -0.461923352070153 -0.425247918311506 0.445195111567155 -0.03094884462279 -0.609887510310163 1.10433396830731 -1.16872347451835 0.420696734393115 0.292276580659226 0.0339204943222824
-0.382025334732607 0.382569490545429 -0.441313330016565 0.360294274364132 -0.335445752914529 -0.331693028192968 -0.224775250265375 0.320604867190123 0.38446586419012 0.305808694180434 -0.98443745367902 0.152993051731206 0.755085221691861 -0.109286956059057 -0.173177210603111
0.33499104205519 -0.0337734906142573 -0.126931601369288 0.387346914114896 0.160387453308795 -0.130078024091200 -0.137881876863539 0.235311335539446 -0.0408345168766548 1.56578953400512 -1.43181118546406 0.512491324205224 0.235054258639152 1.52582160941856 0.626611607709749
-0.128886993024498 0.111858760784380 0.115223117473069 0.352846222540829 0.108069197193254 0.365524204121902 0.27011983868666 -0.300289876405149 0.125064694983287 0.544487113992124 1.28225145311467 -0.94345989000411 -0.403017391517400 0.441689365409523 1.64350977885349
0.48731366313994 -0.190583407101222 -0.292371439679992 0.36382815226214 0.264130793430377 -0.335758429579437 -0.095948250228539 -0.00373760482296365 -0.190570392327369 0.239687806153110 0.0989098648055127 1.04076442332901 0.966294047376528 -0.528841662427436 -0.543536496126977
-0.0827975817769767 0.391184156141243 0.454733449567574 -0.439388341659214 0.142229348805267 0.212527562538161 -0.0185896826069800 0.403590799896047 0.390561353040329 -1.69335412562264 1.35299255616435 -2.94780825828765 0.0858089451529273 -0.365652154732221 -1.53460199406586
0.0217865854687983 -0.174567587361671 -0.398868845475372 0.251166294871363 -0.0815063080168331 0.108635622449219 0.1970052523911 -0.00578756525181262 -0.171998780643368 -1.55625521767187 0.384646811263207 1.01118498405800 0.700357134131062 -0.188687130054357 -0.811821302361495
0.315518176201732 -0.334741856590845 -0.303525674787816 0.0672894495842044 -0.186472116818186 -0.475267084874213 0.219757901076228 0.218571154521779 -0.319715089664643 -0.68708044459023 -0.0997125407590595 -0.395020896802770 -1.07256387645581 0.443523549738783 0.588879555736626
0.254051024578512 0.328407080690376 0.0183938742359174 0.131304695114959 -0.439358783967327 0.284605629881843 -0.271120504671708 0.0153675800003114 0.335462903554827 0.760029403178081 -0.767365372793328 0.858285131552715 0.179807507615727 1.05658604907696 -0.116311523571348
-0.212584962816909 -0.193572901342996 0.00814984349766745 -0.105246684204322 -0.19071704436792 0.457553627109155 -0.390535998819396 -0.38762832397595 -0.19375627599329 0.19737506409891 1.26915254837823 -0.310012398887278 -0.506057225242596 -0.638050799888336 -2.04479329048486
-0.0580374030210077 -0.0401369281252843 0.284642701337579 0.0687261450407095 -0.305152491515037 0.217073813918978 -0.321796965980902 -0.543267886266112 -0.0425105568405808 0.231722322769195 -0.0210183974948614 0.625723368349314 -1.38359273262076 0.0742460514030076 -0.268034093650687
0.49575798355043 0.176253864155150 0.224957897395361 0.00467828389490046 0.00733273817459085 -0.365203332016245 0.07253173975274 -0.0898761235829446 0.170746314746887 -1.87978457926214 0.550613246721834 0.648015033342162 0.6456814908187 -0.281757835860832 -1.64975732134376
-0.0115186760481447 -0.220588762932457 -0.0229349091439505 -0.121114873483312 0.339712507242803 -0.47769551849924 -0.250137883666903 0.301245339335874 -0.218910657281304 -0.0184812723413272 -0.209445415841539 0.871561043221759 -0.825261270141474 0.293676092063731 -0.0681767255969234
0.154653413239867 -0.447974312971346 0.463144500807394 -0.251172823521775 0.329776710050646 0.468390867952256 0.265698855314404 0.137607846064493 -0.460248821143848 0.431790338831268 1.72446228324188 2.31065337341869 2.88622903331408 -0.607293098172403 0.74980495406122
-0.166794377127662 0.146439618277363 -0.222611833529081 0.0245709135965445 0.374329594115261 -0.0324139193166042 -0.255017109643668 -0.485291115352884 0.152584759101167 -1.17514532237071 -2.69987880414443 2.37165965168744 0.246888447223561 1.92375823661372 -0.829444355750148
0.173064139224589 0.463790920642204 -0.0357771170581686 0.455570722308476 -0.433503070927691 0.271829616185277 0.085879819737747 0.180463116038591 0.46519151736649 0.963568228360823 -0.439042408519415 -0.609908444193709 0.542817016909035 -0.498372179853003 0.456615049184291
0.173124536192045 0.144840859887190 0.473817279862705 0.434997433174866 -0.0535740976571101 -0.194448166154325 0.540719036050141 -0.261068623391911 0.158279526690959 0.160324828814063 -1.71709805020758 0.281875469722251 -0.876159364221622 -1.23036349153461 0.345448038172549
0.269320888463408 -0.431795140416361 0.181276960133109 0.301864392666612 -0.390058893326204 -0.384237706754357 0.053995777191594 0.0130489961057894 -0.437786298034887 -1.23821552802577 1.17146738310530 -0.874328780732562 1.747293627077 -0.468782781515831 -1.66861892222681
-0.279073323803022 -0.285365757220425 -0.229588701089379 0.131164759474341 0.211965573637281 -0.156421085214243 0.124029063656926 -0.388745590923354 -0.281272543754555 -0.712374529141567 0.762584083620118 -0.502869911052723 -0.698658666815501 -1.37611378073909 -0.692877756354455
0.0599820334650573 -0.267758971233853 0.388456183087546 -0.138460547120776 -0.0730936835403551 0.154924388183280 0.201827620426193 0.318437517508865 -0.283774801978645 -1.25199667603916 -1.25485595115411 -0.165099910650839 0.0491023348647408 0.345669342336102 0.0678829493668929
0.164990871930495 -0.0415059283049773 0.173282221027184 0.34985025141621 -0.458700797602069 -0.260098158707843 -0.0331763128843161 -0.218902060408145 -0.0420663201564276 -0.513607172329741 0.608282250810952 0.331552368747431 -1.53381168698494 0.0774461769052201 0.899794247772434
0.395004760725424 -0.466242814823054 -0.333779297003057 0.0984599255793725 0.40391781172948 -0.243211246887222 -0.192097224025056 0.123375138854608 -0.454803527743522 2.40626028490201 -0.443979339451223 0.602908235047194 0.715806084736565 -0.0169050223687885 0.647701909077873
0.257939036488533 -0.319374232939445 0.371228257727344 0.481472024538088 0.114925688982476 0.352403107471764 -0.068284096391871 0.160402570506558 -0.309333508313753 0.0547262564911889 -0.822584622985525 1.70286374722852 -0.373597775116394 -0.328424976483921 2.02745678588255
0.0657654432766133 0.497283997791819 0.191931092946324 0.259105519002769 0.0465184521512128 -0.340762983635068 0.109645366705954 0.361862114286051 0.502010223795701 -0.568516465928963 0.0554505031303828 -0.4409611901006 -1.51761381074972 1.95317616772378 1.15492718988547
-0.296485034497454 0.120812964704819 -0.436090260909405 0.0191541338176465 0.090417559875641 -0.130144180823118 0.000551738580688915 -0.35968548675999 0.121566012734981 -0.108704013071335 -2.20348222646377 0.494996844102813 1.52766848137658 2.19819166240672 -1.31555858978339
0.249582961453125 0.313942565196193 -0.105786156074610 -0.455189006093424 0.478845514974091 -0.0673177604097873 -0.142303964085877 0.00596150884404739 0.312885214709385 1.97614370016631 0.565136845735224 1.39754713110747 0.430740020675302 -0.0548284877353256 -0.501493295617554
0.00351606078445832 0.351571047524921 -0.314680529225152 -0.0152889787382445 0.0378313296590929 0.234856807067991 0.516062771938741 0.162830517282710 0.359510962329518 -1.57644836489397 0.783228253628058 -1.19094805405067 0.85953147932769 0.146251650120675 -0.84038750635002
0.140859003430233 -0.148173473696225 -0.435107875315007 -0.113273657548707 0.154793586966116 0.419079625885934 -0.341365291699767 -0.461244256114587 -0.144900927186949 -1.08507092701227 0.0716095997809608 0.914834613287689 -1.61095170076228 1.66304249361743 -0.263738646997893
0.40023405386135 -0.338389967023395 0.128875239819754 -0.337983245884534 0.0381274834857319 -0.451869362592697 -0.216674201386049 -0.451572005515918 -0.342685766119532 0.606917029826362 -0.110423079331519 -1.25666580373247 0.93269856149911 -0.532899566985892 -0.77423535243799
-0.34932921918109 0.404631804055534 0.168304159606341 -0.131183754343074 0.346956898143981 0.192389884637668 -0.074483166411519 -0.229483539815992 0.405185058062051 -0.508982734921463 -0.281170749747452 -1.4133062252462 -0.539307487138837 -1.48395187627970 1.37930776150686
-0.476087252357975 0.316691889273934 -0.422197610537987 0.160789967125747 -0.0425707591581162 0.0739217173773797 0.396412994051353 0.152060106983409 0.308818298753103 -1.45676481948368 1.22454342427027 0.713733740874286 0.0553656781748418 -0.875070674633853 -1.05208130408542
-0.0328923091106117 -0.399845945569687 -0.43808911803877 -0.408993803353515 0.201996218098793 -0.151787956338376 0.427101303860545 -0.184761874256655 -0.412102380476338 -0.520396456732385 0.109285131948798 1.19898341709344 -1.40635028513958 0.189606727610681 -1.54848625230687
-0.280317559586838 -0.183017362295650 0.0854748122603634 -0.128889668888878 -0.199524840421509 -0.33930105236359 0.0329379658587279 -0.0246018118876967 -0.163828642073504 0.0216971661999916 -0.493882947228281 0.423439275197772 -0.438745126772818 0.91311929937403 -0.229690192092731
0.142905995268375 -0.138683693869971 -0.182332246729639 0.108809844201896 0.399116044084076 0.41749823060818 -0.331874565882608 0.421358423894272 -0.13975435933793 -0.807657265175682 1.29523251026080 -1.16449814583347 1.07920572683597 1.47754060911257 0.277061265397319
0.329094473524019 0.224374590986408 -0.154748529361096 0.0226890224334785 0.348979286302347 0.426164687750861 -0.0367034261208030 0.202269312581048 0.232345996831152 0.235585624770473 -0.564301275462109 0.470235286236258 -0.78762959070593 -1.13119886111598 1.62582292357386
-0.0834549860842527 -0.44601242096629 -0.155090809965041 0.126693426475394 0.29292012254009 0.410120554175227 -0.169271999234334 0.364722819421441 -0.450831401239954 -0.131463702572509 -0.147840236010078 -0.325226717843158 0.912896493496149 0.586081779684912 -0.379971248426504
